4039556885
0.677587890625000 0.017642038275621
0.677685546875000 0.017550464069505
0.677783203125000 0.017459315244359
0.677880859375000 0.017368590111156
0.677978515625000 0.017278286986019
0.678076171875000 0.017188404190210
0.678173828125000 0.017098940050123
0.678271484375000 0.017009892897276
0.678369140625000 0.016921261068306
0.678466796875000 0.016833042904957
0.678564453125000 0.016745236754075
0.678662109375000 0.016657840967602
0.678759765625000 0.016570853902564
0.678857421875000 0.016484273921065
0.678955078125000 0.016398099390282
0.679052734375000 0.016312328682452
0.679150390625000 0.016226960174867
0.679248046875000 0.016141992249868
0.679345703125000 0.016057423294834
0.679443359375000 0.015973251702173
0.679541015625000 0.015889475869318
0.679638671875000 0.015806094198717
0.679736328125000 0.015723105097823
0.679833984375000 0.015640506979090
0.679931640625000 0.015558298259960
0.680029296875000 0.015476477362860
0.680126953125000 0.015395042715189
0.680224609375000 0.015313992749315
0.680322265625000 0.015233325902560
0.680419921875000 0.015153040617199
0.680517578125000 0.015073135340445
0.680615234375000 0.014993608524447
0.680712890625000 0.014914458626277
0.680810546875000 0.014835684107924
0.680908203125000 0.014757283436283
0.681005859375000 0.014679255083150
0.681103515625000 0.014601597525212
0.681201171875000 0.014524309244038
0.681298828125000 0.014447388726071
0.681396484375000 0.014370834462619
0.681494140625000 0.014294644949849
0.681591796875000 0.014218818688773
0.681689453125000 0.014143354185244
0.681787109375000 0.014068249949948
0.681884765625000 0.013993504498392
0.681982421875000 0.013919116350896
0.682080078125000 0.013845084032586
0.682177734375000 0.013771406073385
0.682275390625000 0.013698081008003
0.682373046875000 0.013625107375928
0.682470703125000 0.013552483721419
0.682568359375000 0.013480208593498
0.682666015625000 0.013408280545937
0.682763671875000 0.013336698137253
0.682861328125000 0.013265459930697
0.682958984375000 0.013194564494246
0.683056640625000 0.013124010400597
0.683154296875000 0.013053796227150
0.683251953125000 0.012983920556008
0.683349609375000 0.012914381973963
0.683447265625000 0.012845179072489
0.683544921875000 0.012776310447730
0.683642578125000 0.012707774700497
0.683740234375000 0.012639570436251
0.683837890625000 0.012571696265102
0.683935546875000 0.012504150801794
0.684033203125000 0.012436932665698
0.684130859375000 0.012370040480803
0.684228515625000 0.012303472875708
0.684326171875000 0.012237228483610
0.684423828125000 0.012171305942298
0.684521484375000 0.012105703894141
0.684619140625000 0.012040420986082
0.684716796875000 0.011975455869624
0.684814453125000 0.011910807200826
0.684912109375000 0.011846473640292
0.685009765625000 0.011782453853159
0.685107421875000 0.011718746509092
0.685205078125000 0.011655350282272
0.685302734375000 0.011592263851386
0.685400390625000 0.011529485899622
0.685498046875000 0.011467015114656
0.685595703125000 0.011404850188641
0.685693359375000 0.011342989818202
0.685791015625000 0.011281432704426
0.685888671875000 0.011220177552850
0.685986328125000 0.011159223073452
0.686083984375000 0.011098567980645
0.686181640625000 0.011038210993263
0.686279296875000 0.010978150834555
0.686376953125000 0.010918386232175
0.686474609375000 0.010858915918170
0.686572265625000 0.010799738628975
0.686669921875000 0.010740853105398
0.686767578125000 0.010682258092615
0.686865234375000 0.010623952340161
0.686962890625000 0.010565934601914
0.687060546875000 0.010508203636095
0.687158203125000 0.010450758205250
0.687255859375000 0.010393597076246
0.687353515625000 0.010336719020257
0.687451171875000 0.010280122812761
0.687548828125000 0.010223807233521
0.687646484375000 0.010167771066586
0.687744140625000 0.010112013100273
0.687841796875000 0.010056532127161
0.687939453125000 0.010001326944082
0.688037109375000 0.009946396352110
0.688134765625000 0.009891739156552
0.688232421875000 0.009837354166937
0.688330078125000 0.009783240197010
0.688427734375000 0.009729396064718
0.688525390625000 0.009675820592203
0.688623046875000 0.009622512605791
0.688720703125000 0.009569470935984
0.688818359375000 0.009516694417449
0.688916015625000 0.009464181889009
0.689013671875000 0.009411932193632
0.689111328125000 0.009359944178425
0.689208984375000 0.009308216694618
0.689306640625000 0.009256748597562
0.689404296875000 0.009205538746711
0.689501953125000 0.009154586005620
0.689599609375000 0.009103889241932
0.689697265625000 0.009053447327365
0.689794921875000 0.009003259137709
0.689892578125000 0.008953323552811
0.689990234375000 0.008903639456568
0.690087890625000 0.008854205736916
0.690185546875000 0.008805021285820
0.690283203125000 0.008756084999266
0.690380859375000 0.008707395777249
0.690478515625000 0.008658952523766
0.690576171875000 0.008610754146803
0.690673828125000 0.008562799558329
0.690771484375000 0.008515087674283
0.690869140625000 0.008467617414565
0.690966796875000 0.008420387703027
0.691064453125000 0.008373397467465
0.691162109375000 0.008326645639604
0.691259765625000 0.008280131155094
0.691357421875000 0.008233852953497
0.691455078125000 0.008187809978277
0.691552734375000 0.008142001176793
0.691650390625000 0.008096425500286
0.691748046875000 0.008051081903871
0.691845703125000 0.008005969346528
0.691943359375000 0.007961086791091
0.692041015625000 0.007916433204236
0.692138671875000 0.007872007556477
0.692236328125000 0.007827808822151
0.692333984375000 0.007783835979411
0.692431640625000 0.007740088010214
0.692529296875000 0.007696563900314
0.692626953125000 0.007653262639251
0.692724609375000 0.007610183220341
0.692822265625000 0.007567324640665
0.692919921875000 0.007524685901062
0.693017578125000 0.007482266006117
0.693115234375000 0.007440063964154
0.693212890625000 0.007398078787221
0.693310546875000 0.007356309491088
0.693408203125000 0.007314755095227
0.693505859375000 0.007273414622815
0.693603515625000 0.007232287100711
0.693701171875000 0.007191371559458
0.693798828125000 0.007150667033263
0.693896484375000 0.007110172559996
0.693994140625000 0.007069887181175
0.694091796875000 0.007029809941957
0.694189453125000 0.006989939891130
0.694287109375000 0.006950276081102
0.694384765625000 0.006910817567891
0.694482421875000 0.006871563411116
0.694580078125000 0.006832512673988
0.694677734375000 0.006793664423299
0.694775390625000 0.006755017729411
0.694873046875000 0.006716571666251
0.694970703125000 0.006678325311295
0.695068359375000 0.006640277745565
0.695166015625000 0.006602428053613
0.695263671875000 0.006564775323515
0.695361328125000 0.006527318646863
0.695458984375000 0.006490057118749
0.695556640625000 0.006452989837762
0.695654296875000 0.006416115905974
0.695751953125000 0.006379434428934
0.695849609375000 0.006342944515653
0.695947265625000 0.006306645278600
0.696044921875000 0.006270535833691
0.696142578125000 0.006234615300274
0.696240234375000 0.006198882801129
0.696337890625000 0.006163337462449
0.696435546875000 0.006127978413837
0.696533203125000 0.006092804788293
0.696630859375000 0.006057815722204
0.696728515625000 0.006023010355338
0.696826171875000 0.005988387830831
0.696923828125000 0.005953947295179
0.697021484375000 0.005919687898226
0.697119140625000 0.005885608793159
0.697216796875000 0.005851709136495
0.697314453125000 0.005817988088072
0.697412109375000 0.005784444811038
0.697509765625000 0.005751078471847
0.697607421875000 0.005717888240243
0.697705078125000 0.005684873289253
0.697802734375000 0.005652032795179
0.697900390625000 0.005619365937587
0.697998046875000 0.005586871899296
0.698095703125000 0.005554549866372
0.698193359375000 0.005522399028117
0.698291015625000 0.005490418577056
0.698388671875000 0.005458607708935
0.698486328125000 0.005426965622704
0.698583984375000 0.005395491520513
0.698681640625000 0.005364184607698
0.698779296875000 0.005333044092778
0.698876953125000 0.005302069187437
0.698974609375000 0.005271259106523
0.699072265625000 0.005240613068032
0.699169921875000 0.005210130293102
0.699267578125000 0.005179810006005
0.699365234375000 0.005149651434134
0.699462890625000 0.005119653807995
0.699560546875000 0.005089816361198
0.699658203125000 0.005060138330449
0.699755859375000 0.005030618955537
0.699853515625000 0.005001257479330
0.699951171875000 0.004972053147761
0.700048828125000 0.004943005209819
0.700146484375000 0.004914112917544
0.700244140625000 0.004885375526012
0.700341796875000 0.004856792293332
0.700439453125000 0.004828362480628
0.700537109375000 0.004800085352042
0.700634765625000 0.004771960174711
0.700732421875000 0.004743986218769
0.700830078125000 0.004716162757333
0.700927734375000 0.004688489066492
0.701025390625000 0.004660964425302
0.701123046875000 0.004633588115774
0.701220703125000 0.004606359422867
0.701318359375000 0.004579277634476
0.701416015625000 0.004552342041424
0.701513671875000 0.004525551937456
0.701611328125000 0.004498906619224
0.701708984375000 0.004472405386284
0.701806640625000 0.004446047541081
0.701904296875000 0.004419832388945
0.702001953125000 0.004393759238079
0.702099609375000 0.004367827399552
0.702197265625000 0.004342036187287
0.702294921875000 0.004316384918056
0.702392578125000 0.004290872911465
0.702490234375000 0.004265499489953
0.702587890625000 0.004240263978776
0.702685546875000 0.004215165706002
0.702783203125000 0.004190204002499
0.702880859375000 0.004165378201931
0.702978515625000 0.004140687640743
0.703076171875000 0.004116131658156
0.703173828125000 0.004091709596158
0.703271484375000 0.004067420799493
0.703369140625000 0.004043264615654
0.703466796875000 0.004019240394872
0.703564453125000 0.003995347490111
0.703662109375000 0.003971585257054
0.703759765625000 0.003947953054099
0.703857421875000 0.003924450242348
0.703955078125000 0.003901076185597
0.704052734375000 0.003877830250330
0.704150390625000 0.003854711805706
0.704248046875000 0.003831720223557
0.704345703125000 0.003808854878373
0.704443359375000 0.003786115147294
0.704541015625000 0.003763500410106
0.704638671875000 0.003741010049226
0.704736328125000 0.003718643449700
0.704833984375000 0.003696399999187
0.704931640625000 0.003674279087956
0.705029296875000 0.003652280108876
0.705126953125000 0.003630402457405
0.705224609375000 0.003608645531584
0.705322265625000 0.003587008732029
0.705419921875000 0.003565491461918
0.705517578125000 0.003544093126988
0.705615234375000 0.003522813135522
0.705712890625000 0.003501650898345
0.705810546875000 0.003480605828810
0.705908203125000 0.003459677342793
0.706005859375000 0.003438864858685
0.706103515625000 0.003418167797382
0.706201171875000 0.003397585582275
0.706298828125000 0.003377117639246
0.706396484375000 0.003356763396656
0.706494140625000 0.003336522285336
0.706591796875000 0.003316393738582
0.706689453125000 0.003296377192145
0.706787109375000 0.003276472084221
0.706884765625000 0.003256677855445
0.706982421875000 0.003236993948881
0.707080078125000 0.003217419810015
0.707177734375000 0.003197954886746
0.707275390625000 0.003178598629378
0.707373046875000 0.003159350490610
0.707470703125000 0.003140209925532
0.707568359375000 0.003121176391611
0.707666015625000 0.003102249348687
0.707763671875000 0.003083428258966
0.707861328125000 0.003064712587004
0.707958984375000 0.003046101799709
0.708056640625000 0.003027595366327
0.708154296875000 0.003009192758432
0.708251953125000 0.002990893449924
0.708349609375000 0.002972696917017
0.708447265625000 0.002954602638230
0.708544921875000 0.002936610094381
0.708642578125000 0.002918718768581
0.708740234375000 0.002900928146219
0.708837890625000 0.002883237714961
0.708935546875000 0.002865646964739
0.709033203125000 0.002848155387742
0.709130859375000 0.002830762478411
0.709228515625000 0.002813467733428
0.709326171875000 0.002796270651711
0.709423828125000 0.002779170734402
0.709521484375000 0.002762167484863
0.709619140625000 0.002745260408666
0.709716796875000 0.002728449013587
0.709814453125000 0.002711732809596
0.709912109375000 0.002695111308850
0.710009765625000 0.002678584025685
0.710107421875000 0.002662150476608
0.710205078125000 0.002645810180290
0.710302734375000 0.002629562657559
0.710400390625000 0.002613407431389
0.710498046875000 0.002597344026896
0.710595703125000 0.002581371971327
0.710693359375000 0.002565490794054
0.710791015625000 0.002549700026568
0.710888671875000 0.002533999202467
0.710986328125000 0.002518387857452
0.711083984375000 0.002502865529318
0.711181640625000 0.002487431757947
0.711279296875000 0.002472086085299
0.711376953125000 0.002456828055405
0.711474609375000 0.002441657214361
0.711572265625000 0.002426573110319
0.711669921875000 0.002411575293479
0.711767578125000 0.002396663316082
0.711865234375000 0.002381836732403
0.711962890625000 0.002367095098743
0.712060546875000 0.002352437973421
0.712158203125000 0.002337864916769
0.712255859375000 0.002323375491121
0.712353515625000 0.002308969260807
0.712451171875000 0.002294645792148
0.712548828125000 0.002280404653445
0.712646484375000 0.002266245414973
0.712744140625000 0.002252167648975
0.712841796875000 0.002238170929652
0.712939453125000 0.002224254833159
0.713037109375000 0.002210418937594
0.713134765625000 0.002196662822993
0.713232421875000 0.002182986071323
0.713330078125000 0.002169388266475
0.713427734375000 0.002155868994253
0.713525390625000 0.002142427842372
0.713623046875000 0.002129064400448
0.713720703125000 0.002115778259992
0.713818359375000 0.002102569014399
0.713916015625000 0.002089436258948
0.714013671875000 0.002076379590788
0.714111328125000 0.002063398608935
0.714208984375000 0.002050492914265
0.714306640625000 0.002037662109502
0.714404296875000 0.002024905799219
0.714501953125000 0.002012223589822
0.714599609375000 0.001999615089552
0.714697265625000 0.001987079908469
0.714794921875000 0.001974617658454
0.714892578125000 0.001962227953194
0.714990234375000 0.001949910408181
0.715087890625000 0.001937664640702
0.715185546875000 0.001925490269832
0.715283203125000 0.001913386916429
0.715380859375000 0.001901354203126
0.715478515625000 0.001889391754323
0.715576171875000 0.001877499196182
0.715673828125000 0.001865676156622
0.715771484375000 0.001853922265305
0.715869140625000 0.001842237153639
0.715966796875000 0.001830620454762
0.716064453125000 0.001819071803542
0.716162109375000 0.001807590836566
0.716259765625000 0.001796177192138
0.716357421875000 0.001784830510266
0.716455078125000 0.001773550432660
0.716552734375000 0.001762336602725
0.716650390625000 0.001751188665552
0.716748046875000 0.001740106267912
0.716845703125000 0.001729089058253
0.716943359375000 0.001718136686689
0.717041015625000 0.001707248804993
0.717138671875000 0.001696425066596
0.717236328125000 0.001685665126575
0.717333984375000 0.001674968641648
0.717431640625000 0.001664335270169
0.717529296875000 0.001653764672121
0.717626953125000 0.001643256509106
0.717724609375000 0.001632810444345
0.717822265625000 0.001622426142666
0.717919921875000 0.001612103270501
0.718017578125000 0.001601841495877
0.718115234375000 0.001591640488412
0.718212890625000 0.001581499919307
0.718310546875000 0.001571419461341
0.718408203125000 0.001561398788863
0.718505859375000 0.001551437577787
0.718603515625000 0.001541535505586
0.718701171875000 0.001531692251284
0.718798828125000 0.001521907495451
0.718896484375000 0.001512180920198
0.718994140625000 0.001502512209168
0.719091796875000 0.001492901047532
0.719189453125000 0.001483347121982
0.719287109375000 0.001473850120723
0.719384765625000 0.001464409733472
0.719482421875000 0.001455025651447
0.719580078125000 0.001445697567362
0.719677734375000 0.001436425175423
0.719775390625000 0.001427208171318
0.719873046875000 0.001418046252216
0.719970703125000 0.001408939116757
0.720068359375000 0.001399886465047
0.720166015625000 0.001390887998653
0.720263671875000 0.001381943420596
0.720361328125000 0.001373052435345
0.720458984375000 0.001364214748813
0.720556640625000 0.001355430068347
0.720654296875000 0.001346698102727
0.720751953125000 0.001338018562156
0.720849609375000 0.001329391158257
0.720947265625000 0.001320815604064
0.721044921875000 0.001312291614021
0.721142578125000 0.001303818903971
0.721240234375000 0.001295397191154
0.721337890625000 0.001287026194199
0.721435546875000 0.001278705633118
0.721533203125000 0.001270435229303
0.721630859375000 0.001262214705518
0.721728515625000 0.001254043785893
0.721826171875000 0.001245922195920
0.721923828125000 0.001237849662446
0.722021484375000 0.001229825913667
0.722119140625000 0.001221850679124
0.722216796875000 0.001213923689696
0.722314453125000 0.001206044677596
0.722412109375000 0.001198213376363
0.722509765625000 0.001190429520857
0.722607421875000 0.001182692847255
0.722705078125000 0.001175003093046
0.722802734375000 0.001167359997022
0.722900390625000 0.001159763299276
0.722998046875000 0.001152212741193
0.723095703125000 0.001144708065449
0.723193359375000 0.001137249016001
0.723291015625000 0.001129835338085
0.723388671875000 0.001122466778210
0.723486328125000 0.001115143084151
0.723583984375000 0.001107864004942
0.723681640625000 0.001100629290878
0.723779296875000 0.001093438693501
0.723876953125000 0.001086291965601
0.723974609375000 0.001079188861205
0.724072265625000 0.001072129135577
0.724169921875000 0.001065112545212
0.724267578125000 0.001058138847825
0.724365234375000 0.001051207802354
0.724462890625000 0.001044319168950
0.724560546875000 0.001037472708970
0.724658203125000 0.001030668184977
0.724755859375000 0.001023905360731
0.724853515625000 0.001017184001187
0.724951171875000 0.001010503872485
0.725048828125000 0.001003864741950
0.725146484375000 0.000997266378082
0.725244140625000 0.000990708550558
0.725341796875000 0.000984191030218
0.725439453125000 0.000977713589066
0.725537109375000 0.000971276000265
0.725634765625000 0.000964878038127
0.725732421875000 0.000958519478115
0.725830078125000 0.000952200096831
0.725927734375000 0.000945919672017
0.726025390625000 0.000939677982545
0.726123046875000 0.000933474808416
0.726220703125000 0.000927309930754
0.726318359375000 0.000921183131799
0.726416015625000 0.000915094194905
0.726513671875000 0.000909042904532
0.726611328125000 0.000903029046245
0.726708984375000 0.000897052406706
0.726806640625000 0.000891112773671
0.726904296875000 0.000885209935984
0.727001953125000 0.000879343683572
0.727099609375000 0.000873513807441
0.727197265625000 0.000867720099673
0.727294921875000 0.000861962353418
0.727392578125000 0.000856240362889
0.727490234375000 0.000850553923362
0.727587890625000 0.000844902831166
0.727685546875000 0.000839286883681
0.727783203125000 0.000833705879334
0.727880859375000 0.000828159617591
0.727978515625000 0.000822647898957
0.728076171875000 0.000817170524966
0.728173828125000 0.000811727298183
0.728271484375000 0.000806318022193
0.728369140625000 0.000800942501601
0.728466796875000 0.000795600542023
0.728564453125000 0.000790291950086
0.728662109375000 0.000785016533422
0.728759765625000 0.000779774100662
0.728857421875000 0.000774564461434
0.728955078125000 0.000769387426354
0.729052734375000 0.000764242807027
0.729150390625000 0.000759130416041
0.729248046875000 0.000754050066959
0.729345703125000 0.000749001574319
0.729443359375000 0.000743984753629
0.729541015625000 0.000738999421359
0.729638671875000 0.000734045394941
0.729736328125000 0.000729122492763
0.729833984375000 0.000724230534162
0.729931640625000 0.000719369339425
0.730029296875000 0.000714538729780
0.730126953125000 0.000709738527395
0.730224609375000 0.000704968555372
0.730322265625000 0.000700228637742
0.730419921875000 0.000695518599463
0.730517578125000 0.000690838266414
0.730615234375000 0.000686187465391
0.730712890625000 0.000681566024103
0.730810546875000 0.000676973771170
0.730908203125000 0.000672410536115
0.731005859375000 0.000667876149361
0.731103515625000 0.000663370442230
0.731201171875000 0.000658893246934
0.731298828125000 0.000654444396575
0.731396484375000 0.000650023725137
0.731494140625000 0.000645631067487
0.731591796875000 0.000641266259365
0.731689453125000 0.000636929137387
0.731787109375000 0.000632619539032
0.731884765625000 0.000628337302648
0.731982421875000 0.000624082267439
0.732080078125000 0.000619854273466
0.732177734375000 0.000615653161644
0.732275390625000 0.000611478773734
0.732373046875000 0.000607330952341
0.732470703125000 0.000603209540912
0.732568359375000 0.000599114383728
0.732666015625000 0.000595045325904
0.732763671875000 0.000591002213383
0.73