28571 -0.000006252577065
0.517142857142857 -0.000006392507644
0.517857142857143 -0.000006533375810
0.518571428571429 -0.000006674788725
0.520000000000000 -0.000007070972417
0.520714285714286 -0.000007209894570
0.521428571428571 -0.000007344323991
0.522142857142857 -0.000007473869935
0.522857142857143 -0.000007598141657
0.523571428571429 -0.000007716748410
0.524285714285714 -0.000007829299451
0.525000000000000 -0.000007935404034
0.525714285714286 -0.000008034671413
0.526428571428571 -0.000008126710844
0.527142857142857 -0.000008211131581
0.527857142857143 -0.000008287542879
0.528571428571429 -0.000008355553992
0.530000000000000 -0.000008536656584
0.530714285714286 -0.000008570616833
0.531428571428571 -0.000008592748766
0.532142857142857 -0.000008602995981
0.532857142857143 -0.000008601302076
0.533571428571429 -0.000008587610647
0.534285714285714 -0.000008561865293
0.535000000000000 -0.000008524009610
0.535714285714286 -0.000008473987196
0.536428571428571 -0.000008411741649
0.537142857142857 -0.000008337216567
0.537857142857143 -0.000008250355545
0.538571428571429 -0.000008151102183
0.540000000000000 -0.000007902839118
0.540714285714286 -0.000007763437506
0.541428571428571 -0.000007611970666
0.542142857142857 -0.000007448556748
0.542857142857143 -0.000007273313900
0.543571428571429 -0.000007086360270
0.544285714285714 -0.000006887814008
0.545000000000000 -0.000006677793260
0.545714285714286 -0.000006456416177
0.546428571428571 -0.000006223800907
0.547142857142857 -0.000005980065597
0.547857142857143 -0.000005725328398
0.548571428571429 -0.000005459707456
0.550000000000000 -0.000004805568214
0.550714285714286 -0.000004501140311
0.551428571428571 -0.000004189588913
0.552142857142857 -0.000003871542660
0.552857142857143 -0.000003547630193
0.553571428571429 -0.000003218480154
0.554285714285714 -0.000002884721183
0.555000000000000 -0.000002546981921
0.555714285714286 -0.000002205891010
0.556428571428571 -0.000001862077090
0.557142857142857 -0.000001516168802
0.557857142857143 -0.000001168794788
0.558571428571429 -0.000000820583689
0.560000000000000 -0.000000002481712
0.560714285714286 0.000000338721931
0.561428571428571 0.000000674763338
0.562142857142857 0.000001005254129
0.562857142857143 0.000001329805926
0.563571428571429 0.000001648030349
0.564285714285714 0.000001959539020
0.565000000000000 0.000002263943559
0.565714285714286 0.000002560855587
0.566428571428572 0.000002849886726
0.567142857142857 0.000003130648597
0.567857142857143 0.000003402752820
0.568571428571429 0.000003665811016
0.570000000000000 0.000004257049994
0.570714285714286 0.000004480812193
0.571428571428572 0.000004691626365
0.572142857142857 0.000004889621694
0.572857142857143 0.000005074927369
0.573571428571429 0.000005247672576
0.574285714285714 0.000005407986502
0.575000000000000 0.000005555998333
0.575714285714286 0.000005691837256
0.576428571428572 0.000005815632458
0.577142857142857 0.000005927513126
0.577857142857143 0.000006027608445
0.578571428571429 0.000006116047604
0.580000000000000 0.000006294147359
0.580714285714286 0.000006303250375
0.581428571428571 0.000006311114674
0.582142857142857 0.000006317768921
0.582857142857143 0.000006323241776
0.583571428571429 0.000006327561903
0.584285714285714 0.000006330757964
0.585000000000000 0.000006332858622
0.585714285714286 0.000006333892539
0.586428571428571 0.000006333888377
0.587142857142857 0.000006332874799
0.587857142857143 0.000006330880468
0.588571428571429 0.000006327934046
0.590000000000000 0.000006319301576
0.590714285714286 0.000006313670359
0.591428571428571 0.000006307201759
0.592142857142857 0.000006299924438
0.592857142857143 0.000006291867054
0.593571428571429 0.000006283058266
0.594285714285714 0.000006273526735
0.595000000000000 0.000006263301119
0.595714285714286 0.000006252410078
0.596428571428571 0.000006240882272
0.597142857142857 0.000006228746359
0.597857142857143 0.000006216031000
0.598571428571429 0.000006202764853
0.600000000000000 0.000006167735590
0.600714285714286 0.000006153587572
0.601428571428571 0.000006139186009
0.602142857142857 0.000006124529127
0.602857142857143 0.000006109615151
0.603571428571429 0.000006094442305
0.604285714285714 0.000006079008817
0.605000000000000 0.000006063312910
0.605714285714286 0.000006047352810
0.606428571428571 0.000006031126743
0.607142857142857 0.000006014632934
0.607857142857143 0.000005997869608
0.608571428571429 0.000005980834991
0.610000000000000 0.000005944278787
0.610714285714286 0.000005926757288
0.611428571428571 0.000005908989091
0.612142857142857 0.000005890953114
0.612857142857143 0.000005872628275
0.613571428571429 0.000005853993491
0.614285714285714 0.000005835027679
0.615000000000000 0.000005815709757
0.615714285714286 0.000005796018644
0.616428571428571 0.000005775933256
0.617142857142857 0.000005755432511
0.617857142857143 0.000005734495327
0.618571428571429 0.000005713100622
0.620000000000000 0.000005673219797
0.620714285714286 0.000005650588720
0.621428571428571 0.000005627261715
0.622142857142857 0.000005603197305
0.622857142857143 0.000005578354013
0.623571428571429 0.000005552690365
0.624285714285714 0.000005526164883
0.625000000000000 0.000005498736091
0.625714285714286 0.000005470362513
0.626428571428571 0.000005