000000171468852
0.829398018973214 0.000000170878924
0.829432896205357 0.000000170290965
0.829467773437500 0.000000169704966
0.829502650669643 0.000000169120923
0.829537527901786 0.000000168538827
0.829572405133928 0.000000167958674
0.829607282366071 0.000000167380457
0.829642159598214 0.000000166804170
0.829677036830357 0.000000166229806
0.829711914062500 0.000000165657360
0.829746791294643 0.000000165086824
0.829781668526786 0.000000164518194
0.829816545758928 0.000000163951462
0.829851422991071 0.000000163386623
0.829886300223214 0.000000162823670
0.829921177455357 0.000000162262598
0.829956054687500 0.000000161703400
0.829990931919643 0.000000161146071
0.830025809151786 0.000000160590604
0.830060686383928 0.000000160036993
0.830095563616071 0.000000159485232
0.830130440848214 0.000000158935316
0.830165318080357 0.000000158387238
0.830200195312500 0