90583
0.546428571428571 -0.000000000089057
0.547142857142857 -0.000000000087326
0.547857142857143 -0.000000000085403
0.548571428571429 -0.000000000083300
0.550000000000000 -0.000000000075371
0.550714285714286 -0.000000000072895
0.551428571428571 -0.000000000070390
0.552142857142857 -0.000000000067869
0.552857142857143 -0.000000000065342
0.553571428571429 -0.000000000062822
0.554285714285714 -0.000000000060320
0.555000000000000 -0.000000000057847
0.555714285714286 -0.000000000055414
0.556428571428571 -0.000000000053033
0.557142857142857 -0.000000000050715
0.557857142857143 -0.000000000048472
0.558571428571429 -0.000000000046315
0.560000000000000 -0.000000000042940
0.560714285714286 -0.000000000041316
0.561428571428571 -0.000000000039792
0.562142857142857 -0.000000000038365
0.562857142857143 -0.000000000037033
0.563571428571429 -0.000000000035793
0.564285714285714 -0.000000000034646
0.565000000000000 -0.000000000033587
0.565714285714286 -0.000000000032615
0.566428571428572 -0.000000000031729
0.567142857142857 -0.000000000030926
0.567857142857143 -0.000000000030204
0.568571428571429 -0.000000000029562
0.570000000000000 -0.000