042504552
0.290000000000000 1.245408196730304
0.293333333333333 1.120837901483484
0.296666666666667 1.006496891796949
0.300000000000000 0.901829035308875
0.303333333333333 0.806271975724776
0.306666666666667 0.719263061481323
0.310000000000000 0.640244568599514
0.313333333333333 0.568668235817528
0.316666666666667 0.503999138004883
0.320000000000000 0.445718930267942
0.323333333333333 0.393328500225945
0.326666666666667 0.346350069812945
0.330000000000000 0.304328790668193
0.333333333333333 0.266833878813947
0.336666666666667 0.233459335012088
0.340000000000000 0.203824297039409
0.343333333333333 0.177573069238652
0.346666666666667 0.154374873206122
0.3500000000000