.542857142857143 0.000000000000143
0.543571428571429 0.000000000000099
0.544285714285714 0.000000000000054
0.545000000000000 0.000000000000008
0.545714285714286 -0.000000000000039
0.546428571428571 -0.000000000000087
0.547142857142857 -0.000000000000135
0.547857142857143 -0.000000000000184
0.548571428571429 -0.000000000000232
0.550000000000000 -0.000000000000368
0.550714285714286 -0.000000000000415
0.551428571428571 -0.000000000000461
0.552142857142857 -0.000000000000504
0.552857142857143 -0.000000000000545
0.553571428571429 -0.000000000000584
0.554285714285714 -0.000000000000621
0.555000000000000 -0.000000000000654
0.555714285714286 -0.000000000000685
0.556428571428571 -0.000000000000712
0.557142857142857 -0.000000000000737
0.557857142857143 -0.000000000000757
0.558571428571429 -0.000000000000775
0.560000000000000 -0.000000000000820
0.560714285714286 -0.000000000000821
0.561428571428571 -0.000000000000816
0.562142857142857 -0.000000000000807
0.562857142857143 -0.000000000000793
0.563571428571429 -0.000000000000774
0.564285714285714 -0.000000000000752
0.565000000000000 -0.000000000000724
0.565714285714286 -0.000000000000693
0.566428571428572 -0.000000000000657
0.567142857142857 -0.000000000000618
0.567857142857143 -0.000000000000574
0.568571428571429 -0.000000000000527
0.570000000000000 -0.000000000000386
0.570714285714286 -0.000000000000325
0.571428571428572 -0.000000000000261
0.572142857142857 -0.000000000000195
0.572857142857143 -0.000000000000128
0.573571428571429 -0.000000000000059
0.574285714285714 0.000000000000010
0.575000000000000 0.000000000000080
0.575714285714286 0.000000000000151
0.576428571428572 0.000000000000221
0.577142857142857 0.000000000000291
0.577857142857143 0.000000000000360
0.578571428571429 0.000000000000428
0.580000000000000 0.000000000000613
0.580714285714286 0.000000000000673
0.581428571428571 0.000000000000729
0.582142857142857 0.000000000000781
0.582857142857143 0.000000000000829
0.583571428571429 0.000000000000872
0.584285714285714 0.000000000000911
0.585000000000000 0.000000000000945
0.585714285714286 0.000000000000975
0.586428571428571 0.000000000000999
0.587142857142857 0.000000000001018
0.587857142857143 0.000000000001032
0.588571428571429 0.000000000001040
0.590000000000000 0.000000000001040
0.590714285714286 0.000000000001024
0.591428571428571 0.000000000001002
0.592142857142857 0.000000000000975
0.592857142857143 0.000000000000943
0.593571428571429 0.000000000000905
0.594285714285714 0.000000000000862
0.595000000000000 0.000000000000814
0.595714285714286 0.000000000000762
0.596428571428571 0.000000000000705
0.597142857142857 0.000000000000644
0.597857142857143 0.000000000000579
0.598571428571429 0.000000000000511
0.600000000000000 0.000000000000308
0.600714285714286 0.000000000000228
0.601428571428571 0.000000000000147
0.602142857142857 0.000000000000065
0.602857142857143 -0.000000000000017
0.603571428571429 -0.000000000000099
0.604285714285714 -0.000000000000181
0.605000000000000 -0.000000000000263
0.605714285714286 -0.000000000000343
0.606428571428571 -0.000000000000421
0.607142857142857 -0.000000000000498
0.607857142857143 -0.000000000000573
0.608571428571429 -0.000000000000645
0.610000000000000 -0.000000000000820
0.610714285714286 -0.000000000000877
0.611428571428571 -0.000000000000930
0.612142857142857 -0.000000000000978
0.612857142857143 -0.000000000001020
0.613571428571429 -0.000000000001057
0.614285714285714 -0.000000000001089
0.615000000000000 -0.000000000001116
0.615714285714286 -0.000000000001137
0.616428571428571 -0.000000000001152
0.617142857142857 -0.000000000001162
0.617857142857143 -0.000000000001166
0.618571428571429 -0.000000000001164
0.620000000000000 -0.000000000001120
0.620714285714286 -0.000000000001095
0.621428571428571 -0.000000000001064
0.622142857142857 -0.000000000001028
0.622857142857143 -0.000000000000987
0.623571428571429 -0.000000000000942
0.624285714285714 -0.000000000000892
0.625000000000000 -0.000000000000838
0.625714285714286 -0.000000000000781
0.626428571428571 -0.000000000000720
0.627142857142857 -0.000000000000655
0.627857142857143 -0.000000000000587
0.628571428571429 -0.000000000000517
0.630000000000000 -0.000000000000320
0.630714285714286 -0.000000000000242
0.631428571428571 -0.000000000000164
0.632142857142857 -0.000000000000086
0.632857142857143 -0.000000000000008
0.633571428571429 0.000000000000070
0.634285714285714 0.000000000000147
0.635000000000000 0.000000000000223
0.635714285714286 0.000000000000297
0.636428571428571 0.000000000000370
0.637142857142857 0.000000000000441
0.637857142857143 0.000000000000510
0.638571428571429 0.000000000000577
0.640000000000000 0.000000000000713
0.640714285714286 0.000000000000766
0.641428571428571 0.000000000000816
0.642142857142857 0.000000000000863
0.642857142857143 0.000000000000905
0.643571428571429 0.000000000000944
0.644285714285714 0.000000000000978
0.645000000000000 0.000000000001009
0.645714285714286 0.000000000001036
0.646428571428571 0.000000000001058
0.647142857142857 0.000000000001077
0.647857142857143 0.000000000001091
0.648571428571429 0.000000000001100
0.650000000000000 0.000000000001090
0.650714285714286 0.000000000001084
0.651428571428571 0.000000000001073
0.652142857142857 0.000000000001059
0.652857142857143 0.000000000001042
0.653571428571429 0.000000000001021
0.654285714285714 0.000000000000997
0.655000000000000 0.000000000000969
0.655714285714286 0.000000000000939
0.656428571428571 0.000000000000906
0.657142857142857 0.000000000000870
0.657857142857143 0.000000000000831
0.658571428571429 0.000000000000790
0.660000000000000 0.000000000000682
0.660714285714286 0.000000000000634
0.661428571428571 0.000000000000585
0.662142857142857 0.000000000000535
0.662857142857143 0.000000000000484
0.663571428571429 0.000000000000432
0.664285714285714 0.000000000000379
0.665000000000000 0.000000000000326
0.665714285714286 0.000000000000273
0.666428571428571 0.000000000000220
0.667142857142857 0.000000000000167
0.667857142857143 0.000000000000115
0.668571428571429 0.000000000000062
0.670000000000000 -0.000000000000045
0.670714285714286 -0.000000000000093
0.671428571428571 -0.000000000000140
0.672142857142857 -0.000000000000185
0.672857142857143 -0.000000000000229
0.673571428571429 -0.000000000000271
0.674285714285714 -0.000000000000312
0.675000000000000 -0.000000000000350
0.675714285714286 -0.000000000000387
0.676428571428571 -0.000000000000421
0.677142857142857 -0.000000000000453
0.677857142857143 -0.000000000000483
0.678571428571429 -0.000000000000510
0.680000000000000 -0.000000000000565
0.680714285714286 -0.000000000000582
0.681428571428571 -0.000000000000596
0.682142857142857 -0.000000000000606
0.682857142857143 -0.000000000000614
0.683571428571429 -0.000000000000618
0.684285714285714 -0.000000000000620
0.685000000000000 -0.000000000000618
0.685714285714286 -0.000000000000613
0.686428571428571 -0.000000000000606
0.687142857142857 -0.000000000000595
0.687857142857143 -0.000000000000581
0.688571428571429 -0.000000000000565
0.690000000000000 -0.000000000000521
0.690714285714286 -0.000000000000493
0.691428571428572 -0.000000000000463
0.692142857142857 -0.000000000000430
0.692857142857143 -0.000000000000394
0.693571428571429 -0.000000000000357
0.694285714285714 -0.000000000000318
0.695000000000000 -0.000000000000276
0.695714285714286 -0.000000000000234
0.696428571428572 -0.000000000000189
0.697142857142857 -0.000000000000144
0.697857142857143 -0.000000000000097
0.698571428571429 -0.000000000000050
0.700000000000000 0.000000000000080
0.700714285714286 0.000000000000129
0.701428571428572 0.000000000000177
0.702142857142857 0.000000000000224
0.702857142857143 0.000000000000269
0.703571428571429 0.000000000000314
0.704285714285714 0.000000000000356
0.705000000000000 0.000000000000397
0.705714285714286 0.000000000000436
0.706428571428572 0.000000000000473
0.707142857142857 0.000000000000508
0.707857142857143 0.000000000000540
0.708571428571429 0.000000000000570
0.710000000000000 0.000000000000639
0.710714285714286 0.000000000000655
0.711428571428571 0.000000000000668
0.712142857142857 0.000000000000677
0.712857142857143 0.000000000000683
0.713571428571429 0.000000000000685
0.714285714285714 0.000000000000683
0.715000000000000 0.000000000000678
0.715714285714286 0.000000000000669
0.716428571428571 0.000000000000657
0.717142857142857 0.000000000000642
0.717857142857143 0.000000000000623
0.718571428571429 0.000000000000600
0.720000000000000 0.000000000000532
0.720714285714286 0.000000000000496
0.721428571428571 0.000000000000457
0.722142857142857 0.000000000000416
0.722857142857143 0.000000000000373
0.723571428571429 0.000000000000328
0.724285714285714 0.000000000000282
0.725000000000000 0.000000000000234
0.725714285714286 0.000000000000186
0.726428571428571 0.000000000000136
0.727142857142857 0.000000000000087
0.727857142857143 0.000000000000037
0.728571428571429 -0.000000000000012
0.730000000000000 -0.000000000000171
0.730714285714286 -0.000000000000216
0.731428571428571 -0.000000000000258
0.732142857142857 -0.000000000000297
0.732857142857143 -0.000000000000333
0.733571428571429 -0.000000000000365
0.734285714285714 -0.000000000000393
0.735000000000000 -0.000000000000417
0.735714285714286 -0.000000000000437
0.736428571428571 -0.000000000000453
0.737142857142857 -0.000000000000464
0.737857142857143 -0.000000000000470
0.738571428571429 -0.000000000000471
0.740000000000000 -0.000000000000452
0.740714285714286 -0.000000000000432
0.741428571428571 -0.000000000000407
0.742142857142857 -0.000000000000378
0.742857142857143 -0.000000000000343
0.743571428571429 -0.000000000000303
0.744285714285714 -0.000000000000259
0.745000000000000 -0.000000000000211
0.745714285714286 -0.000000000000158
0.746428571428571 -0.000000000000101
0.747142857142857 -0.000000000000039
0.747857142857143 0.000000000000026
0.748571428571429 0.000000000000095
0.750000000000000 0.000000000000272
0.750714285714286 0.000000000000354
0.751428571428571 0.000000000000438
0.75