3063875
0.457031250000000 1.724656063740569
0.460937500000000 1.771589395514101
0.464843750000000 1.814920420296426
0.468750000000000 1.854325817238152
0.472656250000000 1.889506740465710
0.476562500000000 1.920192587703066
0.480468750000000 1.946144463404354
0.484375000000000 1.967158274456077
0.488281250000000 1.983067402361640
0.492187500000000 1.993744902979900
0.496093750000000 1.999105193198907
0.500000000000000 1.999105193198907
0.503906250000000 1.993744902979900
0.507812500000000 1.983067402361640
0.511718750000000 1.967158274456077
0.515625000000000 1.946144463404355
0.519531250000000 1.920192587703066
0.523437500000000 1.889506740465710
0.527343750000000 1.854325817238152
0.531250000000000 1.814920420296426
0.535156250000000 1.771589395514101
0.539062500000000 1.724656063740569
0.542968750000000 1.674464213063875
0.546875000000000 1.621373921264798
0.550781250000000 1.565757279166775
0.554687500000000 1.507994085454352
0.558593750000000 1.448467581916659
0.562500000000000 1.387560295055332
0.566406250000000 1.325650045695862
0.570312500000000 1.263106182804730
0.574218750000000 1.200286091313570
0.578125000000000 1.137532016575999
0.582031250000000 1.075168240335172
0.585937500000000 1.013498634968747
0.589843750000000 0.952804614510944
0.593750000000000 0.893343492730352
0.597656250000000 0.835347250557204
0.601562500000000 0.779021707578423
0.605468750000000 0.724546085305810
0.609375000000000 0.672072943601532
0.613281250000000 0.621728466118757
0.617187500000000 0.573613065960025
0.621093750000000 0.527802279020056
0.625000000000000 0.484347909684597
0.628906250000000 0.443279391698162
0.632812500000000 0.404605326062926
0.636718750000000 0.368315157739374
0.640625000000000 0.334380953619065
0.644531250000000 0.302759245649017
0.648437500000000 0.273392905012335
0.652343750000000 0.246213015809933
0.656250000000000 0.221140719638428
0.660156250000000 0.198089005713725
0.664062500000000 0.176964424644854
0.667968750000000 0.157668707519644
0.671875000000000 0.140100275531323
0.675781250000000 0.124155628870700
0.679687500000000 0.109730606960253
0.683593750000000 0.096721515253344
0.687500000000000 0.085026116715104
0.691406250000000 0.074544488704038
0.695312500000000 0.065179748259633
0.699218750000000 0.056838650756371
0.703125000000000 0.049432068504181
0.707031250000000 0.042875357163613
0.710937500000000 0.037088618813189
0.714843750000000 0.031996871174972
0.718750000000000 0.027530132896113
0.722656250000000 0.023623434926590
0.726562500000000 0.020216767956523
0.730468750000000 0.017254975612003
0.734375000000000 0.014687602687985
0.738281250000000 0.012468707151918
0.742187500000000 0.010556644012213
0.746093750000000 0.008913828439436
0.750000000000000 0.007506484780821
0.753906250000000 0.006304387342928
0.757812500000000 0.005280598053027
0.761718750000000 0.004411205363586
0.765625000000000 0.003675068049844
0.769531250000000 0.003053566878640
0.773437500000000 0.002530366505309
0.777343750000000 0.002091189390110
0.781250000000000 0.001723603019420
0.785156250000000 0.001416821271098
0.789062500000000 0.001161520377435
0.792968750000000 0.000949669611195
0.796875000000000 0.000774376547456
0.800781250000000 0.000629746532465
0.804687500000000 0.000510755816255
0.808593750000000 0.000413137673632
0.812500000000000 0.000333280743350
0.816406250000000 0.000268138753166
0.820312500000000 0.000215150764053
0.824218750000000 0.000172171055760
0.828125000000000 0.000137407783845
0.832031250000000 0.000109369561442
0.835937500000000 0.000086819153850
0.839843750000000 0.000068733517484
0.843750000000000 0.000054269464161
0.847656250000000 0.000042734284799
0.851562500000000 0.000033560721531
0.855468750000000 0.000026285732341
0.859375000000000 0.000020532546550
0.863281250000000 0.000015995561637
0.867187500000000 0.000012427681485
0.871093750000000 0.000009629742564
0.875000000000000 0.000007441717560
0.878906250000000 0.000005735425351
0.882812500000000 0.000004408511957
0.886718750000000 0.000003379499272
0.890625000000000 0.000002583727063
0.894531250000000 0.000001970039136
0.898437500000000 0.000001498086934
0.902343750000000 0.000001136143326
0.906250000000000 0.000000859336324
0.9101