0.000001956746620
0.090000000000000 0.000002454494441
0.093333333333333 0.000003073106691
0.096666666666667 0.000003840084225
0.100000000000000 0.000004788983469
0.103333333333333 0.000005960633202
0.106666666666667 0.000007404515121
0.110000000000000 0.000009180384575
0.113333333333333 0.000011360208452
0.116666666666667 0.000014030478675
0.120000000000000 0.000017294943018
0.123333333333333 0.000021277793620
0.126666666666667 0.000026127367536
0.130000000000000 0.000032020433125
0.133333333333333 0.000039167151548
0.136666666666667 0.000047816811232
0.140000000000000 0.000058264438224
0.143333333333333 0.000070858391508
0.146666666666667 0.000086009061765
0.150000000000000 0.000104198803723
0.153333333333333 0.000125993244018
0.156666666666667 0.000152054117207
0.160000000000000 0.000183153792255
0.163333333333333 0.000220191660771
0.166666666666667 0.000264212566765
0.170000000000000 0.000316427465116
0.173333333333333 0.000378236501915
0.176666666666667 0.000451254713878
0.180000000000000 0.000537340545684
0.183333333333333 0.000638627382953
0.186666666666667 0.000757558293971
0.190000000000000 0.000896924164622
0.193333333333333 0.001059905397817
0.196666666666667 0.001250117330421
0.200000000000000 0.001471659496987
0.203333333333333 0.001729168839596
0.206666666666667 0.002027876926307
0.210000000000000 0.002373671196310
0.213333333333333 0.002773160197599
0.216666666666667 0.003233742722431
0.220000000000000 0.003763680677025
0.223333333333333 0.004372175444444
0.226666666666667 0.005069447413395
0.230000000000000 0.005866818250713
0.233333333333333 0.006776795391940
0.236666666666667 0.007813158113179
0.240000000000000 0.008991044429105
0.243333333333333 0.010327037937828
0.246666666666667 0.011839253604440
0.250000000000000 0.013547421343156
0.253333333333333 0.015472966124286
0.256666666666667 0.017639083198938
0.260000000000000 0.020070806904269
0.263333333333333 0.022795071388087
0.266666666666667 0.025840761476491
0.270000000000000 0.029238751804284
0.273333333333333 0.033021932238650
0.276666666666667 0.037225217555903
0.280000000000000 0.041885539282810
0.283333333333333 0.047041817591790
0.286666666666667 0.052734911144560
0.290000000000000 0.059007542815554
0.293333333333333 0.065904199301534
0.296666666666667 0.073471002738595
0.300000000000000 0.081755552599451
0.303333333333333 0.090806736329639
0.306666666666667 0.100674507408056
0.310000000000000 0.111409629808273
0.313333333333333 0.123063388195025
0.316666666666667 0.135687263581433
0.320000000000000 0.149332574568971
0.323333333333333 0.164050084688578
0.326666666666667 0.179889576787072
0.330000000000000 0.196899395915422
0.333333333333333 0.215125962787142
0.336666666666667 0.234613260545917
0.340000000000000 0.255402298241718
0.343333333333333 0.277530554945145
0.346666666666667 0.301031408789614
0.350000000000000 0.325933555602371
0.353333333333333 0.352260422336503
0.356666666666667 0.380029581181831
0.360000000000000 0.409252170858490
0.363333333333333 0.439932332024534
0.366666666666667 0.472066663880245
0.370000000000000 0.505643709251896
0.373333333333333 0.540643475550518
0.376666666666667 0.577036998750670
0.380000000000000 0.614785957540271
0.383333333333333 0.653842345411095
0.386666666666667 0.694148208399256
0.390000000000000 0.735635454421180
0.393333333333333 0.778225739066149
0.396666666666667 0.821830434277094
0.400000000000000 0.866350686849383
0.403333333333333 0.911677570119394
0.406666666666667 0.957692329151650
0.410000000000000 1.004266721180593
0.413333333333333 1.051263455080885
0.416666666666667 1.098536731139529
0.420000000000000 1.145932878103521
0.423333333333333 1.193291084271512
0.426666666666667 1.240444218735729
0.430000000000000 1.287219738400819
0.433333333333333 1.333440675996491
0.436666666666667 1.378926701150937
0.440000000000000 1.423495245357435
0.443333333333333 1.466962681855709
0.446666666666667 1.509145550650747
0.450000000000000 1.549861817536970
0.453333333333333 1.588932155029708
0.456666666666667 1.626181233276752
0.460000000000000 1.661439008969834
0.463333333333333 1.694541997983487
0.466666666666667 1.725334516146632
0.470000000000000 1.753669876844235
0.473333333333333 1.779411537971