2500000 1.685704570559101
0.475585937500000 1.706739331448181
0.477539062500000 1.726382680296853
0.479492187500000 1.744582281474462
0.481445312500000 1.761289317752962
0.483398437500000 1.776458701005555
0.485351562500000 1.790049267830607
0.487304687500000 1.802023959045270
0.489257812500000 1.812349982107333
0.491210937500000 1.820998955283414
0.493164062500000 1.827947032184382
0.495117187500000 1.833175006337520
0.497070312500000 1.836668397242905
0.499023437500000 1.838417517890722
0.500976562500000 1.838417517888614
0.502929687500000 1.836668397239613
0.504882812500000 1.833175006336448
0.506835937500000 1.827947032184536
0.508789062500000 1.820998955283473
0.510742187500000 1.812349982107379
0.512695312500000 1.802023959045306
0.514648437500000 1.790049267830604
0.516601562500000 1.776458701005561
0.518554687500000 1.761289317752965
0.520507812500000 1.744582281474441
0.522460937500000 1.726382680296852
0.524414062500000 1.706739331448186
0.526367187500000 1.685704570559095
0.528320312500000 1.663334027112052
0.530273437500000 1.639686387335331
0.532226562500000 1.614823145884353
0.534179687500000 1.588808347709831
0.536132812500000 1.561708321568308
0.538085937500000 1.533591406669145
0.540039062500000 1.504527673971216
0.541992187500000 1.474588643652363
0.543945312500000 1.443847000285122
0.545898437500000 1.412376307259014
0.547851562500000 1.380250721976826
0.549804687500000 1.347544713314833
0.551757812500000 1.314332782790209
0.553710937500000 1.280689190857154
0.555664062500000 1.246687689737324
0.557617187500000 1.212401264114280
0.559570312500000 1.177901880879263
0.561523437500000 1.143260248971212
0.563476562500000 1.108545590470778
0.565429687500000 1.073825424017844
0.567382812500000 1.039165361372515
0.569335937500000 1.004628918098166
0.571289062500000 0.970277338711222
0.573242187500000 0.936169436983425
0.575195312500000 0.902361451983776
0.577148437500000 0.868906920171892
0.579101562500000 0.835856563767970
0.581054687500000 0.803258195555243
0.583007812500000 0.771156640154602
0.584960937500000 0.739593671691794
0.586914062500000 0.708607967677926
0.588867187500000 0.678235078835008
0.590820312500000 0.648507414507169
0.592773437500000 0.619454243204699
0.594726562500000 0.591101707740805
0.596679687500000 0.563472854344065
0.598632812500000 0.536587675064082
0.600585937500000 0.510463162730695
0.602539062500000 0.485113377670089
0.604492187500000 0.460549525347307
0.606445312500000 0.436780044000536
0.608398437500000 0.413810701385838
0.610351562500000 0.391644699733139
0.612304687500000 0.370282787903584
0.614257812500000 0.349723379802442
0.616210937500000 0.329962678100263
0.618164062500000 0.310994802309699
0.620117187500000 0.292811920278309
0.622070312500000 0.275404382182402
0.624023437500000 0.258760856134075
0.625976562500000 0.242868464545762
0.627929687500000 0.227712920434201
0.629882812500000 0.213278662887900
0.631835937500000 0.199548990968024
0.633789062500000 0.186506195361702
0.635742187500000 0.174131687158699
0.637695312500000 0.162406123176504
0.639648437500000 0.151309527314447
0.641601562500000 0.140821407474003
0.643554687500000 0.130920867639323
0.645507812500000 0.121586714768902
0.647460937500000 0.112797560205527
0.649414062500000 0.104531915366835
0.651367187500000 0.096768281532515
0.653320312500000 0.089485233595983
0.655273437500000 0.082661497697980
0.657226562500000 0.076276022706629
0.659179687500000 0.070308045552753
0.661132812500000 0.064737150470593
0.663085937500000 0.059543322232184
0.665039062500000 0.054706993498463
0.666992187500000 0.050209086441674
0.668945312500000 0.046031048821591
0.670898437500000 0.042154884722698
0.672851562500000 0.038563180180589
0.674804687500000 0.035239123943623
0.676757812500000 0.032166523630405
0.678710937500000 0.029329817554985
0.680664062500000 0.026714082499999
0.682617187500000 0.024305037723404
0.684570312500000 0.022089045487260
0.686523437500000 0.020053108397198
0.688476562500000 0.018184863839210
0.690429687500000 0.016472575796196
0.692382812500000 0.014905124320669
0.694335937500000 0.013471992932270
0.696289062500000 0.012163254199554
0.698242187500000 0.010969553755032
0.700195312500000 0.0098