90243902 0.434928577993456
0.390243902439024 0.426469366613753
0.391463414634146 0.418041230246154
0.392682926829268 0.409646637043721
0.393902439024390 0.401288055159517
0.395121951219512 0.392967952746603
0.396341463414634 0.384688797958043
0.397560975609756 0.376453058946897
0.400000000000000 0.347680551814658
0.401219512195122 0.339952550312818
0.402439024390244 0.332319810178833
0.403658536585366 0.324782366160822
0.404878048780488 0.317340253006898
0.406097560975610 0.309993505465180
0.407317073170732 0.302742158283783
0.408536585365854 0.295586246210824
0.409756097560976 0.288525803994420
0.410975609756098 0.281560866382686
0.412195121951220 0.274691468123738
0.413414634146341 0.267917643965694
0.414634146341463 0.261239428656670
0.415853658536585 0.254656856944781
0.417073170731707 0.248169963578145
0.418292682926829 0.241778783304878
0.419512195121951 0.235483350873096
0.420731707317073 0.229283701030915
0.421951219512195 0.223179868526452
0.423170731707317 0.217171888107823
0.4243902439024