696970 0.007497891049647
0.572727272727273 0.008662945487315
0.575757575757576 0.010010790303932
0.578787878787879 0.011553804693804
0.581818181818182 0.013304367851237
0.584848484848485 0.015274858970539
0.587878787878788 0.017477657246016
0.590909090909091 0.019925141871974
0.593939393939394 0.022629692042720
0.600000000000000 0.030998507452890
0.603030303030303 0.035303850051174
0.606060606060606 0.040012163962458
0.609090909090909 0.045138328353376
0.612121212121212 0.050697222390561
0.615151515151515 0.056703725240648
0.618181818181818 0.063172716070269
0.621212121212121 0.070119074046060
0.624242424242424 0.077557678334652
0.627272727272727 0.085503408102681
0.633333333333333 0.101980898628437
0.636363636363636 0.111673949042037
0.639393939393939 0.121971679031934
0.642424242424242 0.132877673131450
0.645454545454545 0.144395515