00 0.000000000003079
0.720714285714286 0.000000000002901
0.721428571428571 0.000000000002686
0.722142857142857 0.000000000002437
0.722857142857143 0.000000000002155
0.723571428571429 0.000000000001842
0.724285714285714 0.000000000001500
0.725000000000000 0.000000000001130
0.725714285714286 0.000000000000735
0.726428571428571 0.000000000000317
0.727142857142857 -0.000000000000124
0.727857142857143 -0.000000000000584
0.728571428571429 -0.000000000001063
0.730000000000000 -0.000000000002583
0.730714285714286 -0.000000000003139
0.731428571428571 -0.000000000003688
0.732142857142857 -0.000000000004224
0.732857142857143 -0.000000000004744
0.733571428571429 -0.000000000005242
0.734285714285714 -0.000000000005715
0.735000000000000 -0.000000000006158
0.735714285714286 -0.000000000006567
0.736428571428571 -0.000000000006937
0.737142857142857 -0.000000000007264
0.737857142857143 -0.000000000007543
0.738571428571429 -0.000000000007770
0.740000000000000 -0.000000000009649
0.740714285714286 -0.000000000009561
0.741428571428571 -0.000000000009361
0.742142857142857 -0.000000000009050
0.742857142857143 -0.000000000008632
0.743571428571429 -0.000000000008108
0.744285714285714 -0.000000000007481
0.745000000000000 -0.000000000006752
0.745714285714286 -0.000000000005924
0.746428571428571 -0.000000000005000
0.747142857142857 -0.000000000003981
0.747857142857143 -0.000000000002870
0.748571428571429 -0.000000000001668
0.750000000000000 0.000000000001148
0.750714285714286 0.000000000002815
0.751428571428571 0.000000000004545
0.752142