183
0.301818181818182 2.009030233976217
0.302727272727273 2.049670868685152
0.303636363636364 2.090687099270897
0.304545454545455 2.132065804981355
0.305454545454545 2.173793865064433
0.306363636363636 2.215858158768037
0.307272727272727 2.258245565340073
0.308181818181818 2.300942964028447
0.310000000000000 2.387207316304665
0.310909090909091 2.430828261080107
0.311818181818182 2.474699837882432
0.312727272727273 2.518801654854989
0.313636363636364 2.563113320141131
0.314545454545455 2.607614441884206
0.315454545454545 2.652284628227567
0.316363636363636 2.697103487314563
0.317272727272727 2.742050627288545
0.318181818181818 2.787105656292865
0.320000000000000 2.877498410637484
0.320909090909091 2.922828587967816
0.321818181818182 2.968175526259202
0.322727272727273 3.013511286084978
0.323636363636364 3.058807928018482
0.324545454545455 3.104037512633049
0.325454545454545 3.149172100502015
0.326363636363636 3.194183752198720
0.327272727272727 3.239044528296497
0.328181818181818 3.283726489368686
0.330000000000000 3.372539940238131
0.330909090909091 3.416583755270844
0.331818181818182 3.460325256790408
0.332727272727273 3.503729611347857
0.333636363636364 3.546761985494228
0.334545454545455 3.589387545780558
0.335454545454545 3.631571458757879
0.336363636363636 3.673278890977233
0.337272727272727 3.714475008989653
0.338181818181818 3.755124979346176
0.340000000000000 3.834803758366301
0.340909090909091 3.873652821973868
0.341818181818182 3.911803551993351
0.342727272727273 3.949216030094023
0.34