0.0140335872156071589886627895066
0.02835
0.0336962680968802257798064413468
0.02835
0.0140335872156071589886627895066
0.02835
0.057271351055997779282942148765
0.0680716331376876754547614598877
0.057271351055997779282942148765
0.02835
0.0336962680968802257798064413468
0.0680716331376876754547614598877
0.0809086419753086419753086419753
0.0680716331376876754547614598877
0.0336962680968802257798064413468
0.02835
0.057271351055997779282942148765
0.0680716331376876754547614598877
0.057271351055997779282942148765
0.02835
0.0140335872156071589886627895066
0.02835
0.0336962680968802257798064413468
0.02835
0.0140335872156071589886627895066