89553820
0.770996093750000 -0.991308138422268
0.771972656250000 -0.990482365099594
0.772949218750000 -0.989619300675697
0.773925781250000 -0.988718977644465
0.774902343750000 -0.987781429902550
0.775878906250000 -0.986806692748094
0.776855468750000 -0.985794802879402
0.777832031250000 -0.984745798393555
0.778808593750000 -0.983659718784981
0.779785156250000 -0.982536604943962
0.780761718750000 -0.981376499155098
0.781738281250000 -0.980179445095716
0.782714843750000 -0.978945487834225
0.783691406250000 -0.977674673828418
0.784667968750000 -0.976367050923725
0.785644531250000 -0.975022668351411
0.786621093750000 -0.973641576726718
0.787597656250000 -0.972223828046965
0.788574218750000 -0.970769475689592
0.789550781250000 -0.969278574410140
0.790527343750000 -0.9677511803