0.592187500000000 0.559137453255092
0.593229166666667 0.543176435060177
0.594270833333333 0.527499357219854
0.595312500000000 0.512108078650869
0.596354166666667 0.497004129446400
0.597395833333333 0.482188718507523
0.598437500000000 0.467662741465553
0.599479166666667 0.453426788871390
0.600520833333333 0.439481154628173
0.601562500000000 0.425825844643755
0.602604166666667 0.412460585679717
0.603645833333333 0.399384834373959
0.604687500000000 0.386597786414114
0.605729166666667 0.374098385839365
0.606770833333333 0.361885334448609
0.607812500000000 0.349957101293479
0.608854166666667 0.338311932235386
0.609895833333333 0.326947859546212
0.610937500000000 0.315862711532812
0.611979166666667 0.305054122165965
0.613020833333333 0.294519540695070
0.614062500000000 0.284256241230608
0