0000000000 -0.000104222969423
0.433333333333333 -0.000083511036908
0.436666666666667 -0.000066779590511
0.440000000000000 -0.000053292671589
0.443333333333333 -0.000042444968261
0.446666666666667 -0.000033738626191
0.450000000000000 -0.000026763976392
0.453333333333333 -0.000021184832821
0.456666666666667 -0.000016727657037
0.460000000000000 -0.000013172419944
0.463333333333333 -0.000010343123269
0.466666666666667 -0.000008097843165
0.470000000000000 -0.000006320034564
0.473333333333333 -0.000004912820020
0.476666666666667 -0.000003796214908
0.480000000000000 -0.000002905581451
0.483333333333333 -0.000002189569807
0.486666666666667 -0.000001607127527
0.490000000000000 -0.000001124378414
0.493333333333333 -0.000000712277445
0.496666666666667 -0.000000345202230
0.50000000