0.0950400941860569266029629554698	0	0	0	-0.0470608105772506548509476242894	0	0	0	0.033084093181656586052619374387	0	0	0	-0.0116315325874891454166079500138	0	0	0
0	0.0950400941860569266029629554698	0	0	0	-0.0470608105772506548509476242894	0	0	0	0.033084093181656586052619374387	0	0	0	-0.0116315325874891454166079500138	0	0
0	0	0.0950400941860569266029629554698	0	0	0	-0.0470608105772506548509476242894	0	0	0	0.033084093181656586052619374387	0	0	0	-0.0116315325874891454166079500138	0
0	0	0	0.0950400941860569266029629554698	0	0	0	-0.0470608105772506548509476242894	0	0	0	0.033084093181656586052619374387	0	0	0	-0.0116315325874891454166079500138
0.177206531361631366708999961306	0	0	0	0.190674191528228787682751330245	0	0	0	-0.055518331415063147250168423969	0	0	0	0.0176470867327748604570842528667	0	0	0
0	0.177206531361631366708999961306	0	0	0	0.190674191528228787682751330245	0	0	0	-0.055518331415063147250168423969	0	0	0	0.0176470867327748604570842528667	0	0
0	0	0.177206531361631366708999961306	0	0	0	0.190674191528228787682751330245	0	0	0	-0.055518331415063147250168423969	0	0	0	0.0176470867327748604570842528667	0
0	0	0	0.177206531361631366708999961306	0	0	0	0.190674191528228787682751330245	0	0	0	-0.055518331415063147250168423969	0	0	0	0.0176470867327748604570842528667
0.178103508112425478112818889306	0	0	0	0.326315103221151714511601814258	0	0	0	0.190674191528228787682751330245	0	0	0	-0.0251022810693778479058391542572	0	0	0
0	0.178103508112425478112818889306	0	0	0	0.326315103221151714511601814258	0	0	0	0.190674191528228787682751330245	0	0	0	-0.0251022810693778479058391542572	0	0
0	0	0.178103508112425478112818889306	0	0	0	0.326315103221151714511601814258	0	0	0	0.190674191528228787682751330245	0	0	0	-0.0251022810693778479058391542572	0
0	0	0	0.178103508112425478112818889306	0	0	0	0.326315103221151714511601814258	0	0	0	0.190674191528228787682751330245	0	0	0	-0.0251022810693778479058391542572
0.169406189352829149583745988296	0	0	0	0.333901745234120208335973638627	0	0	0	0.332220127024020003089290662054	0	0	0	0.0950400941860569266029629554698	0	0	0
0	0.169406189352829149583745988296	0	0	0	0.333901745234120208335973638627	0	0	0	0.332220127024020003089290662054	0	0	0	0.0950400941860569266029629554698	0	0
0	0	0.169406189352829149583745988296	0	0	0	0.333901745234120208335973638627	0	0	0	0.332220127024020003089290662054	0	0	0	0.0950400941860569266029629554698	0
0	0	0	0.169406189352829149583745988296	0	0	0	0.333901745234120208335973638627	0	0	0	0.332220127024020003089290662054	0	0	0	0.0950400941860569266029629554698