0.265550323469320504772786173441
-0.141512994857541165207453214001
0.0697034182925298600547595695843
-0.0198133243355822709335605544132
0.497843739259312888719377965634
-0.265303229885922465073495826883
0.130677341863295342345381318966
-0.0371452738054126946777954323281
0.497843739259312888719377965634
-0.265303229885922465073495826883
0.130677341863295342345381318966
-0.0371452738054126946777954323281
0.265550323469320504772786173441
-0.141512994857541165207453214001
0.0697034182925298600547595695843
-0.0198133243355822709335605544132