0.0302507483214005013803030243425
0.056712962962962962962962962963
0.056712962962962962962962962963
0.0302507483214005013803030243425
0.056712962962962962962962962963
0.106323325752673572693771049732
0.106323325752673572693771049732
0.056712962962962962962962962963
0.056712962962962962962962962963
0.106323325752673572693771049732
0.106323325752673572693771049732
0.056712962962962962962962962963
0.0302507483214005013803030243425
0.056712962962962962962962962963
0.056712962962962962962962962963
0.0302507483214005013803030243425